6296
9901
6373
8515
2425
9246
838
5686
487
1986
7028
2166
1338
7945
3520
6301
982
8280
7873
1544
4652
3834
3316
4508
7325
1462
3490
5166
4749
4695
9922
293
1532
8005
973
1181
753
4811
6444
4796
8326
9463
707
430
5442
2204
8581
3177
102
2993
5094
1975
9477
3000
2658
3114
5449
4007
9926
4590
5049
7084
5188
5695
4037
2939
9719
5506
1783
7747
729
963
7388
3611
6459
3077
2638
408
5437
7309
8564
6748
8655
5041
8171
312
8114
8222
5751
3086
4888
8694
6665
4332
7698
4397
4889
3398
5195
3132
1341
7380
7063
7828
9169
8122
1318
2860
7095
2385
1458
2892
1587
4814
864
1640
4527
5242
5274
5141
2596
6532
6229
8033
1126
5094
1114
7072
1752
6308
2902
9797
4354
5480
8021
4859
8934
7241
5173
986
9229
3700
4757
7440
4029
4174
8595
4309
9901
4547
8652
363
534
8357
8002
8814
9406
772
906
8034
9711
1537
1423
3640
6010
7853
5090
6406
9003
2972
5722
5981
5016
5364
9362
6476
623
7524
1063
3387
4376
5684
9545
2985
8493
625
7986
3644
4914
4030
5805
3634
5519
8544
4559
1501
3366
3476
4600
3101
4858
9698
4830
2286
1500
6568
8625
4848
6792
8546
7335
9947
7713
3450
4152
2545
4555
6260
8056
4525
5682
3859
7855
7797
4978
2582
490
3968
2987
9362
7446
7862
9586
6466
250
2554
9844
698
2911
2394
3066
4501
5484
4734
4125
1145
2222
3429
11
9398
1934
5164
6068
3779
8174
8527
571
2820
7660
5755
2199
5072
8702
8919
4818
8199
5587
5998
4023
5948
8127
2067
6908
5362
6218
7549
1009
8123
8062
8802
9747
2978
5209
1348
829
2411
835
3638
4329
1118
4530
7477
3720
2945
2594
8029
1584
6732
1965
2032
3881
4984
1706
4496
1818
1854
3916
6878
9913
787
5752
2754
7188
716
3815
5378
7617
5614
6123
8015
8848
3721
2371
4853
234
4304
5791
6197
6074
6528
3168
2546
7565
8694
7822
261
8095
23
1137
4142
462
4201
2016
2474
5551
8422
1619
9090
4525
4149
318
6372
388
4170
5600
2468
5498
1900
4486
9856
8498
8136
5668
1636
1441
68
9568
171
6619
4713
4184
1352
9097
9256
8504
8076
9474
9184
6957
8835
1286
1836
9106
9696
1683
9654
8838
6545
7490
7811
1355
8794
7341
7904
6868
4472
8856
6839
885
7520
127
4837
4756
7639
8695
7281
7052
9347
8748
9467
8874
7964
7622
7144
6942
1357
3695
6982
481
9115
7588
7587
8976
7124
2544
1199
7654
5702
7479
1678
7009
2512
3769
199
2708
193
3512
6010
8005
9064
9219
3271
8051
7105
4246
6863
2697
73
231
3586
4012
9610
7028
4022
4651
3411
4594
7195
8493
2834
7564
5874
6271
7074
2146
5878
5915
401
7647
7714
5203
84
58
9354
5856
2961
5159
6874
8095
5198
3078
8144
5330
9433
3072
7743
8567
5937
6202
3948
8753
4890
2975
3176
1992
7674
383
4496
1247
3896
8853
5564
5107
5318
286
3850
1266
9127
6302
1336
4020
3556
3688
2562
2559
3457
8282
2686
3888
7620
7300
1417
6410
7135
8445
6617
979
4283
9512
782
7383
4732
34
1585
8338
9907
5328
1207
5376
8605
2392
5798
2771
8645
8535
7748
2872
5504
2099
976
9098
315
2053
9463
5717
4740
4857
5489
5290
8916
157
2951
1919
1875
8735
7609
8023
1530
753
15
6401
2508
9528
321
7112
6082
8939
8161
5555
8159
5007
6428
7594
8768
6595
645
2108
2513
183
53
6923
1403
8418
2718
2387
905
5929
6792
7383
4486
2348
1904
8075
8371
1264
7024
23
5665
5568
2234
4670
237
6601
4801
1048
9719
4043
8021
8216
6744
595
67
8369
498
1077
8440
4740
4869
4862
4899
9382
1423
738
4753
5883
7830
6244
5047
2313
8074
7980
1563
7444
7506
1490
2663
589
6472
2307
4557
296
6780
920
3150
1910
1701
9345
4237
8914
4523
8692
2734
1953
9332
2333
4801
6191
7056
6156
443
8282
5548
7776
2825
7522
7969
7509
7764
8594
9113
3935
175
6268
8205
3663
4351
3206
7266
4565
7002
268
3035
7124
7822
8952
29
4311
4142
37
2323
7346
8737
6084
5678
6777
6363
2355
1914
6536
4857
889
3385
1922
3068
4167
1008
2643
9238
4129
8170
1400
7286
4943
5841
4990
8763
9853
1222
7521
725
1917
7824
1141
8762
5112
2777
5146
9585
6533
7598
3923
6178
6454
3606
9124
4941
8030
9352
9430
7109
7794
9344
5056
5420
1095
7056
9317
986
6749
6831
4428
1723
3794
1793
5259
715
5944
7687
5054
6527
3433
5944
1557
7895
8561
7412
8905
6313
1538
1598
5414
5131
7591
7368
4980
9424
3540
4759
8860
422
103
6805
5541
1990
3539
6952
8105
9178
1553
3587
3768
2737
3876
3976
614
3870
8156
6138
1463
7347
2762
6649
907
6781
9417
7761
8353
1316
8450
7528
2115
5423
1803
2512
2984
4820
8584
5597
2557
8279
6323
5985
5954
6327
9947
3078
5845
2221
5002
9599
376
4495
9324
8488
1466
7031
5327
5246
3224
965
2548
8836
4113
9762
5883
67
4129
1020
1426
594
8470
2299
4753
1377
6999
3833
2659
2334
8490
9708
3667
8174
3773
6906
4664
9622
679
7602
3538
6258
9341
9428
8660
31
9065
4383
3964
2378
4453
7048
4007
5188
7274
6351
2710
6928
285
4332
4256
7696
2293
6831
999
801
7792
9166
3635
6946
231
5285
2449
4940
5979
9319
3639
5922
2339
9211
441
1227
8374
978
8119
6134
3182
923
8369
5647
4398
1537
1728
3638
9734
8656
7379
2924
3648
6451
8717
1794
2701
3496
5771
1381
6952
7758
1619
3716
873
6326
3975
5980
1976
8586
3681
8794
2834
143
3051
7335
8548
981
9695
2735
2953
538
8380
1949
4345
8609
5545
9217
9552
4245
647
7578
1539
1679
1219
8209
2942
7932
9244
748
7307
9361
3534
1834
4145
3428
728
285
6837
8339
7165
4550
1711
2737
7609
8406
4994
6152
7977
7801
5020
7068
4734
3499
3176
1473
4364
7172
2179
3599
9227
8175
1800
9475
4036
7604
2570
7677
7933
1908
9150
1269
9924
3534
9212
9419
8875
1513
2768
1499
8310
785
3598
1480
4700
3515
1903
4898
680
2489
1947
9646
4592
6937
6107
6254
1090
2650
1837
4932
6015
4871
1481
2378
2627
1988
8650
3390
627
1969
9959
3147
9123
7209
273
9039
8989
9268
4073
3002
1358
3062
9799
7294
9372
5863
4900
9103
8293
2304
3096
3252
9613
6335
1217
2040
1273
9951
1826
7298
8635
1809
351
1993
3930
8059
9604
8435
9853
7093
2142
7888
6516
4494
8061
6624
5900
7585
9816
6114
3704
6995
7028
9885
8488
6932
2441
4942
6378
1226
1106
8485
9359
4147
9186
8429
2126
2414
6540
9617
8080
6608
9065
1992
5181
1099
7137
8802
3373
6672
2716
6619
3964
4231
129
248
6155
6024
936
8623
9207
1007
1367
8726
5801
8329
9124
8
7990
8595
252
5180
2792
8104
9108
208
6117
5195
7033
1456
6176
8355
4249
9418
5464
7025
6029
2434
6035
872
3378
4672
5020
3900
8424
1284
9800
1881
1362
443
4502
3248
4964
9219
7618
6873
3253
9355
5512
316
1620
5469
4328
1744
4314
6970
6034
2200
3158
5882
2833
1574
6240
835
5144
4619
2722
7088
7904
7857
1669
1283
3854
2743
1206
7106
4042
3159
8935
7331
2344
4862
2171
3929
3608
5213
3087
5241
5246
9350
5282
1394
2011
4673
1036
9523
806
5319
2659
2424
4170
8421
6350
7505
7531
5684
1397
2225
5851
8540
2237
6431
9540
4923
4657
7679
3642
8372
5002
8442
511
1282
6298
8481
735
4616
3946
4578
3700
1458
12
3635
6549
9657
2596
1607
4619
3569
9025
5726
5506
7942
8122
3196
1787
4385
7398
8334
5662
5699
7496
13
1264
863
8982
1403
9592
711
9711
8086
4073
9021
8165
8094
4447
2592
8195
2695
2886
7222
5315
3235
4793
169
2066
3502
3319
5274
375
1069
3476
2000
3777
4227
9975
8840
7418
7271
5784
3018
982
3382
5048
4971
6109
1119
870
5970
3052
5586
5448
7215
3167
2490
6816
3554
6563
6266
2367
2224
664
2718
4120
3220
7181
896
3390
2832
9211
2355
9154
582
7673
6009
9200
9113
6310
2303
9992
9481
3218
8653
712
1639
4913
8445
4425
2219
101
9233
2971
2938
9527
7056
1709
6479
7983
8095
9510
2515
6625
945
9214
2255
8137
293
1884
3365
5697
8878
9824
2915
4580
9005
5809
5197
9430
5626
6819
2207
9936
9702
2895
3352
1452
9061
8893
1207
1289
7421
8498
3346
2766
7675
7080
3033
3995
9696
3649
874
3191
2674
5033
3668
6470
8009
2808
6748
4153
7956
434
6628
2085
494
8406
7706
2185
1097
8847
3190
6804
4674
5128
7050
6182
5073
4729
1401
2599
2792
2063
2007
2414
8844
8034
8104
4925
9965
4174
9726
1684
7917
1236
4364
8275
9798
8304
3323
807
3334
9106
5030
5006
8820
2503
4294
2591
6633
7601
6426
4187
3522
3132
9136
7796
2435
2334
2282
2713
2643
9415
8363
3401
4265
3890
6760
3798
2582
3749
292
2948
7681
6949
5770
3040
4320
5234
4655
9780
3052
1341
553
7736
3394
31
9360
3772
2994
8872
759
2675
8369
6816
9457
7166
7998
4425
5733
723
2199
9994
6936
5393
4369
8779
1694
9676
6452
5979
9842
3304
6572
3477
2706
1500
7983
371
9689
5778
8081
4634
6359
8910
3317
5274
3596
7261
4289
4015
9358
7838
6165
2345
9622
3916
453
2067
522
6320
2612
4598
7878
3254
5890
7654
773
4342
6937
8670
8595
9609
660
4249
8523
3360
3102
1213
8770
9516
8928
1509
5194
6983
4288
8184
2584
6733
5215
783
9381
8602
5594
3833
5286
1842
6015
3879
4895
4412
8792
8963
1604
8900
569
7531
4197
8662
9734
8780
6106
1259
4980
238
8444
2407
1973
636
6836
1200
5341
1301
2503
1996
6519
2363
3914
6224
3939
752
9136
1211
8804
4685
9571
7796
3102
5837
5217
2225
4393
371
6901
9615
1861
923
8914
4454
2201
6719
8543
295
1224
4899
9520
9534
6579
5385
2081
7451
6101
7949
9705
817
1573
9772
4685
3843
4276
6957
3492
2829
7290
6753
1783
2047
2468
3091
4905
3613
3777
7636
1785
5012
3049
789
9326
9888
508
1559
364
7270
2727
1773
7890
2925
6682
9655
5983
5055
3191
6728
4766
4280
4452
5950
7507
7819
6984
4173
5900
5214
7674
1471
1788
8115
97
6245
792
1774
1041
1155
5389
7866
6064
6134
61
3137
8070
4003
5756
1372
3742
7605
5996
3171
6840
8557
1117
3301
1057
8133
6431
822
8627
4848
5729
641
6148
3039
6454
1322
2425
5812
9830
1624
3903
6669
3451
5472
5898
1469
3386
301
2860
7117
1829
2617
9542
3389
1758
7684
3244
758
9743
7619
592
5429
6652
1849
1279
2028
5149
528
3846
578
8329
8509
2810
8711
2173
8051
1645
3537
568
4348
1830
4866
8354
3261
6992
9571
4589
1462
1078
8149
4226
9239
3779
9693
2305
6166
5517
6721
6031
1823
4064
8572
8550
2956
5020
987
1608
6907
3551
7751
3973
2577
5157
6746
3364
9753
4573
3714
6029
1648
8487
297
216
2494
3468
5229
761
2504
1540
4429
2618
8471
134
4831
2397
6296
1417
4241
7273
9234
7943
6898
2459
4016
8836
8788
1228
6586
4673
850
584
2927
1837
1022
8988
4467
9815
3053
4684
3719
5569
1126
5564
5270
2087
618
1787
7613
1276
339
8897
594
8822
1245
4882
2531
4078
1387
9534
1490
4382
3135
8445
4470
9977
3499
3713
8684
31
8113
4992
6376
1991
4991
3364
9315
4866
87
1998
8047
759
5218
7388
6291
7509
3547
1386
4062
3038
3652
919
337
8708
9141
1572
2168
2348
1142
3663
6389
5201
9824
6822
1661
4650
7820
3877
6318
8299
69
6413
5620
8171
7060
7011
7737
3717
4542
1108
5888
5823
2907
1322
7457
5951
9323
7871
6539
8495
8244
2483
6884
9995
9761
7039
7159
2881
6204
6444
159
3828
1131
9334
8250
56
4653
2044
5125
920
5373
713
6108
7923
9545
2447
5376
5422
507
1226
1296
9819
1239
1295
7172
8102
9337
6662
301
8965
5325
3745
8495
2946
8597
7604
2038
375
5137
1802
4012
1001
5752
9341
8878
6254
9706
4310
9443
6816
8118
8080
6017
4893
3437
2693
5970
529
2037
4816
2663
9818
356
4247
2683
807
5917
8144
8254
3702
4099
7486
5571
3767
5963
202
6142
1449
7479
7228
6076
3520
621
9819
8965
6429
8248
5909
8036
8572
1959
1849
2781
4277
2641
2309
2168
2616
7994
3290
7168
3588
6069
3224
796
4658
6109
3264
6179
4531
2835
4999
3804
1740
5343
3864
2936
4994
2203
2866
6037
7058
9518
9732
6139
4107
8735
2546
7369
9378
9463
964
8499
3352
7352
7852
6232
2585
7125
6755
4479
5645
2263
98
6334
979
1271
5801
9156
7025
1193
4324
6964
4832
1368
3213
6838
621
3138
9759
2354
7494
1910
2140
2378
9451
3010
8806
7334
3365
3264
1843
3458
9772
8794
640
7920
7163
1650
4414
1062
5352
1786
2742
5528
3444
3802
9317
3790
5011
1287
8891
4917
6135
2872
490
8507
1963
4522
430
3406
5880
5784
8198
7724
8744
7901
8287
1772
9713
3544
1478
6118
8266
493
985
8421
993
4050
3368
3319
6377
7282
1615
5386
6888
9546
8810
2678
8209
587
4380
1691
4906
765
6999
3447
5486
6451
6332
6570
6588
3543
8638
9102
522
2289
5664
5060
2003
8733
4441
2134
7715
4509
9786
3908
9589
4853
802
3059
7175
195
2370
953
5592
3384
6902
4275
3496
3357
7153
9713
9019
3017
2216
7103
287
5566
1072
4448
7796
7613
9403
6633
3779
2575
286
2777
438
3951
9050
6501
729
1415
3092
5287
8854
7897
5863
8775
3856
7466
4074
5501
2651
87
1421
8626
8031
1028
1910
601
3386
7085
1152
9473
7971
9239
7212
3019
1030
9446
1600
4559
7219
3042
9901
8432
7334
3575
7517
1253
591
310
9946
4271
7857
6904
5003
6528
8710
6510
2457
3590
2211
3726
5433
1410
5861
238
1812
5503
6523
7568
4659
1161
9296
5626
594
970
3866
7865
1315
4085
960
2411
2227
5936
6966
8396
7643
3967
8531
8901
6610
4406
56
5499
8691
5638
4003
5682
2920
9981
7883
8843
8133
8931
349
7942
4760
4356
1571
8737
2977
7120
7766
1297
3252
8686
168
5805
4774
7911
8692
2496
2772
5435
4718
9830
6085
75
2259
5936
2465
4989
7430
3420
4135
2915
9929
2926
3262
8850
7484
6844
6620
6489
5018
6741
5361
2105
907
7969
9234
3019
8963
280
7541
9500
7460
9867
534
7904
7204
7229
4167
4080
8533
5062
1482
3523
5200
48
521
9358
8885
5291
3524
7323
1935
8777
7045
7538
6873
2710
9013
1991
9306
2656
7908
2938
1280
3936
5092
289
2195
4094
8867
3442
1713
8281
6
557
2376
9245
8929
8328
9476
3457
1504
9556
9235
8208
3437
2869
8321
8551
2074
1612
1345
170
3841
7739
9886
1074
31
3117
91
1031
8806
4827
9634
3563
6106
119
7350
9784
5069
239
5622
6269
7747
3454
9584
3548
924
7220
6728
9210
8034
3121
3626
3685
9371
8818
9333
5546
9569
8572
4740
993
6459
875
9073
8892
3935
2601
7394
6925
9564
4719
4012
8109
9668
7153
6091
9953
6675
2130
7112
8925
3826
6168
7810
146
9332
1907
4009
81
5408
4407
944
4691
8641
9995
8552
2548
5674
9390
4138
3536
7732
1263
3622
7415
8156
6013
1283
1435
2293
8431
4366
3718
7214
6605
7074
4694
8830
5510
2635
173
9402
1705
8927
3546
5671
981
1427
8518
4850
1660
8117
5325
5958
7322
5371
1681
7243
4552
2559
292
4461
8082
4324
5069
1137
4124
185
7885
5706
9825
7614
3957
1455
927
8887
801
2142
6674
5149
8950
324
4202
5178
9942
8865
8494
1393
2132
6178
2785
2865
7755
1305
1120
5103
4793
4896
627
5128
842
9419
6032
8045
540
3894
9548
3213
7934
6423
8948
158
5539
2747
6099
207
8127
4866
1591
3006
9317
2669
4645
8349
5520
4166
743
90
1820
7178
2627
7904
736
5052
6740
5024
177
8472
5369
6672
7585
6506
6922
6591
617
5936
106
1137
6625
3531
304
3057
8368
1685
9221
9151
4804
2997
4591
3780
664
6998
4372
879
4239
7921
9460
8001
307
8778
9335
59
7594
3007
8630
8479
1874
3369
6784
2937
3665
817
3244
9618
9915
1195
1423
7176
5242
844
1995
7189
3402
4891
1336
4711
4449
158
5979
5535
7107
1593
9236
8116
3150
1674
3285
9420
5745
5864
6266
2380
444
4540
2995
317
1194
7703
9193
9090
7105
1947
1160
7695
4921
5708
1262
6686
9452
532
5767
6005
2905
499
7195
928
5804
9885
2230
9481
9699
9134
2687
9632
7763
4041
9637
1761
5453
5558
7491
5790
714
516
1250
5783
2730
9560
1908
2615
5453
8344
3206
8048
686
520
3238
1172
4836
6338
1573
9332
4775
1503
6244
3287
6592
7427
1602
608
481
8144
6167
2351
4429
1532
5978
2061
3162
8043
5772
7792
7281
5318
6256
389
1302
5589
1641
1660
8643
8942
1929
4030
2260
9348
8433
9544
1688
7251
9420
3963
4931
6015
9920
4449
8301
6982
7359
8508
2712
3353
4
966
7722
8882
9953
9794
5689
9633
1772
1927
1089
1175
8751
8781
9045
9044
2312
9597
8064
4279
3138
5106
4266
2731
3164
5262
9929
6207
2546
5821
5241
2685
5880
1598
6306
872
3431
597
7118
8909
2730
1929
4193
3984
4035
9602
2947
6105
4868
2745
8945
4936
9953
6952
6085
3901
4882
5168
6528
9577
3485
1258
1102
2362
8735
3295
3750
2869
8672
5425
4789
2198
7275
3207
24
7223
3847
3880
2963
9768
9676
9282
7634
2673
3442
2426
2478
3429
9978
7688
794
3141
2256
4728
2190
7237
8016
3137
3788
2722
645
4912
6951
5914
6343
1406
9953
4544
900
1071
6903
9527
6388
2801
9282
5100
4585
5739
115
870
7960
9306
1905
7096
7141
5899
4679
3002
385
9831
4302
6692
8642
8619
4290
9170
7082
2525
8921
3579
7706
144
9209
757
8431
5424
9183
8706
1217
7413
2674
6498
7095
8685
6650
8959
7536
7952
9261
7432
6119
918
98
8029
5351
7522
3354
3251
9387
6342
8092
4340
7940
3490
6150
4965
2802
5622
3105
2516
862
5463
9435
2740
6414
7112
5692
6844
3266
1852
1725
361
1717
2484
8083
6938
1804
3038
5548
9447
5395
5153
9911
1314
8371
1249
9618
2801
2237
1044
9399
1984
8826
6140
2467
2306
5280
998
3110
5330
8002
6701
4149
8857
1057
6343
9899
4376
117
3872
8781
8151
8029
1774
9982
5358
7933
6838
5145
3777
9540
8176
7343
4425
6511
1854
4789
8446
1867
6106
8437
945
9228
4340
4909
5379
8580
9724
2795
4078
6298
5233
6250
7884
4611
2862
5516
8789
37
2912
9587
5076
7391
8027
3059
1018
2387
6569
1817
3995
3961
7005
7797
1246
155
2121
316
3782
4139
3504
1041
3666
4000
9033
7875
7168
6855
9403
1167
1285
8828
8519
3539
4988
4553
1298
4845
5080
7366
1541
8528
4683
9683
6160
1196
922
5021
429
2972
1907
428
276
8760
823
8345
2720
9966
3172
1246
7779
8793
1631
5548
8772
6582
9098
5977
1159
260
2173
4932
3264
7825
8594
3191
845
2590
3581
7994
7874
6512
7
497
7818
7032
3290
5944
1247
3276
9518
9981
4832
7758
291
7247
8386
935
8447
8230
6025
8941
4901
4135
1209
1444
3553
8211
3927
5604
5306
9059
1239
9657
3599
3620
1382
5509
3435
6070
2928
9298
9805
5962
5091
7581
1483
3501
6642
3755
1017
4136
4677
8261
9532
8875
3584
5736
1729
5984
5650
4118
2823
9327
5166
4056
5317
221
8702
9388
7650
8525
8430
9196
1355
2594
6745
4287
9250
3926
5713
3605
8853
2675
9292
3633
9982
5868
793
1588
6924
6864
293
1150
4504
9667
2441
9853
8594
4079
7521
383
4552
4256
7322
8308
8340
6047
9776
691
7786
1014
5683
5574
5861
2340
5009
2164
4625
8897
6355
5024
3764
1579
2804
5209
2833
9265
1863
5561
5539
2021
6904
7737
8535
4227
9344
1197
6741
4427
3350
892
995
1175
6583
5301
1799
9247
5298
7864
8371
4354
5011
5052
8042
4567
2429
2866
1279
4333
8845
8815
9867
879
6313
144
1614
5800
5890
9623
1824
9391
1683
1354
9990
8453
1365
1156
1130
9707
205
1206
5505
3109
3041
2765
7901
1724
1543
3016
6299
7828
7807
4596
9788
9341
4810
5036
7441
6304
8804
2136
7966
4182
3932
3541
903
5939
3236
6331
1240
1799
2489
2328
5112
8373
5762
4515
9836
5470
7296
8890
1670
9322
435
7510
2782
1772
8522
5625
5727
2005
471
2911
5251
928
7799
5792
2204
5096
8682
3845
1829
1905
5047
3912
2019
9886
4593
3690
3444
2650
9503
745
6362
6891
8404
2033
2986
9554
9819
3221
6729
4273
4889
4814
7310
3296
9253
8850
6520
6470
9594
8842
512
5003
981
295
8236
981
7614
7133
9413
2927
3978
7874
503
4472
9828
4723
1488
7579
1084
9389
892
6406
3198
1191
7542
4234
8626
7457
7780
4132
4743
1674
4851
6247
9694
7838
2509
340
769
1174
7845
6322
4206
8660
3361
2251
2304
6496
8223
356
187
6050
5904
2399
3360
3470
1314
6399
4405
5095
3368
4093
5635
7761
5337
2053
9823
9947
9352
2457
4666
7047
1903
4930
4806
4168
7273
3599
2279
7938
433
4834
7904
1165
5233
4778
9543
1174
1790
7178
7575
8474
7928
4368
7521
6654
6386
3562
4001
2849
5125
4360
933
171
2858
2697
1729
284
2006
5035
7360
8346
76
769
2863
5541
4076
5972
4084
7217
3333
6385
3159
3072
2186
1674
8966
5789
1957
114
4135
2842
8839
9964
6828
2985
2574
6788
5835
8674
2459
8498
6012
1489
9964
1464
511
7878
3110
9250
2303
4550
8529
5901
1796
1009
755
2866
2904
775
5513
915
8526
3240
3739
1778
4162
8487
2116
8596
3722
3676
5744
4050
2780
2493
3012
2570
6454
357
186
9017
6240
5997
7530
9898
7941
7392
5530
426
7328
5139
1442
896
7908
5447
8811
8636
2224
4728
9891
5767
9831
5340
8424
6979
4087
6140
1799
1819
4896
9881
3468
1191
7007
3861
1528
6501
3947
2662
670
7432
8990
1339
9233
9512
8073
6551
6374
2885
4517
8931
1747
2853
6884
5261
4721
8493
618
3175
744
2587
365
373
6263
1346
7117
7971
1711
2117
739
232
4228
750
5203
6483
5448
6902
5098
6311
1189
9927
6341
7833
13
9820
9120
9631
9118
4492
9205
5375
7507
4716
9288
7033
2734
7692
5117
4576
3427
2971
151
1223
5056
3210
757
2495
5275
2975
1902
8571
1909
378
3008
8713
335
3375
9180
7161
9363
4254
802
5981
3345
9665
3286
5346
29
230
6525
7852
3682
3036
4932
244
7929
4002
7106
9899
2393
704
2145
7320
7787
1919
9981
8229
7459
3014
8292
560
4945
4032
8446
8934
9515
9263
8621
8875
6056
1582
5484
3344
7572
8095
5145
8264
5537
9635
8823
5044
2659
6023
8057
9269
8227
4340
1002
9791
6642
4092
107
1805
7547
2160
1334
3422
4227
3015
4721
2369
5768
8750
3226
7174
2231
7786
7503
8684
772
3624
5999
1447
4512
903
6180
1646
6014
5293
2871
4063
409
1377
1002
5212
4322
7475
9944
4634
5637
8953
1516
9927
4151
2873
9913
4528
4455
5852
5270
6771
8038
7818
4405
3503
2135
7215
2797
677
1294
7640
2976
3244
9292
4406
2958
4802
2129
835
7781
1412
137
6792
7933
1651
1404
4590
133
6575
600
4214
4831
3866
6391
7705
3198
4899
3243
6942
5180
2129
8162
2845
8723
2666
2162
6461
3470
6302
352
1532
8922
9534
4032
8270
3957
4325
6913
9058
7001
3996
5908
4168
9666
9199
5919
6201
9368
5121
1209
10
957
5197
5166
627
1798
5151
5283
4824
9045
848
1002
3645
2680
376
9997
1902
2258
1602
9654
7592
1528
1612
8254
6650
426
156
9126
7733
5992
2278
1816
1117
6957
3695
9485
9417
1741
6864
386
8315
3655
1170
1086
2535
9903
6221
6942
9158
7065
9811
9477
8939
5323
3283
9177
3875
4556
3807
7657
6073
6725
6661
3277
7868
7251
9023
792
4152
6443
1757
5206
4043
9175
2140
1745
2348
3727
4111
4626
3972
6847
7496
7983
3014
647
4754
3571
6876
8860
63
5080
8784
7267
55
3526
8917
4853
2522
1952
2200
4045
9572
6713
1417
2378
6961
3321
3680
377
9513
119
6843
1570
11
7123
7374
4895
7839
328
1758
2637
7172
4453
2765
9900
6862
5539
9790
4768
8582
2063
4550
4397
4560
974
9049
8652
6651
2467
4830
6578
6934
1106
684
6935
6835
551
4625
1345
8317
4808
8178
9050
6683
5687
9065
3412
8883
4601
8673
4870
7664
2603
1963
9294
388
6275
518
3289
9907
9407
617
3797
3533
3677
2341
4783
1295
7949
6741
4324
3067
682
3959
9174
4486
5024
8793
7684
9265
2085
2532
227
8981
6478
7964
4910
9437
1820
4570
3227
9430
6176
1633
9646
172
136
6869
3628
897
3698
8747
8060
2508
427
269
6877
3918
2734
5644
6821
8507
3773
6356
5311
4179
3861
3641
8257
1478
8088
2122
8453
221
6583
9473
9292
9711
726
6978
5868
3756
1168
7222
3056
2279
6279
8246
8509
1275
9256
592
622
724
2598
5343
8012
8584
917
858
7947
8279
170
8709
4380
4829
324
7651
9783
1675
8029
3140
4629
5631
9201
4988
8278
723
5597
8305
1862
8131
4812
8454
7752
8793
5937
3923
2616
795
2168
2028
4796
6552
5881
9543
7020
5331
908
1657
8626
4145
1109
7789
8858
5708
8475
636
2986
5106
1428
4534
4104
8156
5374
6117
2008
6602
3070
5077
398
9837
996
387
901
6307
4250
3704
6565
172
1964
2613
7871
3109
7508
1778
9063
842
6871
7899
8022
6806
6978
1269
70
3903
6285
6810
789
7009
4099
8585
3881
3830
5924
1572
3308
707
7194
421
17
1903
4722
7418
8272
4806
8735
8076
5040
9115
4728
8859
6250
2584
2630
27
1100
9680
8052
2369
8235
71
5297
1714
9775
962
1314
4121
8826
1849
6836
7094
3294
4034
180
5653
2123
3421
9929
898
4750
5537
3855
1671
2453
1143
3186
186
4740
9644
8212
2625
4830
1229
2244
5104
325
8811
171
4441
1263
7528
7077
5731
7151
4036
9292
7202
2423
3366
6112
9415
2023
4380
607
7944
4459
3687
4504
3702
2406
6716
4292
5375
4248
1269
2053
3752
181
6491
851
5952
374
6026
5495
103
9905
702
1525
2920
2888
587
4777
7967
6986
5820
6443
9411
6902
8698
8776
6223
5744
9898
7594
7721
9838
3659
1231
9525
5346
2530
1643
2695
595
7128
1147
9680
6637
3990
6728
8663
2692
1613
6642
4030
5328
234
1990
494
4117
702
8175
4332
6791
1334
7569
6916
4684
3146
34
6616
2400
4510
3491
1863
9888
3319
6866
9602
5700
7653
2165
5026
7821
9547
593
14
8191
6282
6490
8639
1426
1166
3926
7612
3658
2828
2761
5741
2874
1162
4548
5428
862
1276
6343
807
2619
6639
4821
1600
6459
4339
3417
8800
8239
394
5770
2329
8248
1403
7089
6328
1390
225
4317
5251
517
9473
6595
3718
4865
5655
1590
5671
2107
6396
6310
6623
8304
467
6618
8866
4336
7145
7281
8609
1656
5820
1020
9516
2733
7096
6105
2934
9459
7374
7623
8537
525
138
7080
1271
5631
6715
6585
8451
7240
4186
122
1797
5465
6954
2933
8207
8659
3154
646
7532
9942
497
2492
2401
2650
368
3445
401
3575
4575
3910
9999
8809
3968
1337
229
6399
6060
6365
172
3107
9592
4050
350
5536
2566
5602
7159
1502
1825
3996
9324
5325
2643
2850
151
531
961
3278
5047
8422
4645
4972
3684
6297
606
3045
5194
2846
221
2337
170
9351
5944
9132
8961
6111
2426
9244
1038
892
2209
3002
8529
2890
798
7046
2017
1202
2660
5345
7421
6238
7830
7842
8396
2528
1162
7812
9666
2131
9170
9073
9154
3099
5491
1869
9668
7415
1690
9012
8118
1356
3435
1567
1532
4440
4302
9699
3978
7925
8312
3692
3031
9162
6322
9091
1588
3558
806
2031
4608
4300
751
134
6573
7289
1994
7540
8046
703
2068
5270
3170
1997
4025
867
6746
8176
9432
2716
7328
5802
1494
3703
561
3894
3787
1114
2463
5681
9471
8578
1773
7784
3188
7188
2506
5618
6155
3768
4555
2545
106
3840
3299
6572
2385
5108
6833
4964
7230
9262
9568
8399
4561
7644
5201
6839
1257
1296
4726
2
4166
9170
6314
5597
5496
6894
3243
7963
4120
8760
7688
5791
1126
2673
4288
2771
8212
4857
552
7777
6910
4306
4085
609
185
9517
8952
8440
9619
5316
6958
3388
8888
1481
5729
7706
5982
8995
7649
6595
4071
7722
2379
5847
8099
8824
1346
2409
3002
247
6132
1970
459
5685
6305
3166
6098
7402
733
3763
5300
6947
9982
788
6157
3906
3343
2539
3878
5316
9369
283
3292
7628
1292
5775
7245
2367
9268
6576
5634
7525
3214
8712
4402
5987
7120
2828
2831
4040
5611
8031
5714
5208
7678
6016
3489
4097
2366
466
4899
4171
1908
6012
3840
1729
5534
7224
7990
2188
4420
7539
8138
9211
5792
4525
2756
1795
2221
7428
1986
8075
9091
2144
7904
8522
3709
4976
979
4066
1834
4279
5699
1492
1631
2281
3938
2432
4596
8601
2324
8218
6629
8742
2371
8598
8988
801
2398
572
7108
3375
680
5112
9961
3651
6950
3575
1196
2103
8569
6953
4707
7472
660
2620
6312
9995
5882
1818
4692
3809
4833
4473
4487
2083
8883
9451
2076
4171
5958
1755
2264
3335
7593
6267
6159
6132
8075
6998
2474
1832
7032
2470
9426
4248
3397
6065
13
7604
9673
7877
9930
7157
6311
1682
8984
2210
9935
4300
4320
4781
7126
6560
4508
5291
7277
8120
7562
4027
669
2261
2373
1202
3946
7167
468
8863
6374
4264
4009
8016
5254
9969
7223
7829
9130
5482
8957
8148
3629
514
3345
6413
2399
4085
88
3871
4994
1745
4457
5872
5441
7292
5752
5400
4904
6539
6601
8338
6803
3143
1971
2918
8372
1070
326
9440
8267
4710
9122
2975
1101
1293
5797
4019
9492
2959
3953
5195
7209
1550
1339
2487
9820
986
4891
1267
3458
7208
730
3426
2239
1838
9602
4695
3482
8166
9153
9657
6751
6326
7762
2897
1743
790
6873
2588
2696
7198
776
3441
2639
42
1649
2991
6486
7277
2716
1092
5212
5689
5861
3456
3532
149
6955
2020
8677
8941
382
2321
2534
7272
8084
203
9829
2553
4231
5513
5965
6037
5312
7240
8362
1889
2093
6339
1724
7587
9551
3865
7487
7749
6391
3683
6918
5134
5195
4123
7664
778
8556
4880
6102
3479
294
5633
6586
7853
8674
3225
5556
7954
6592
2549
1803
8083
478
4365
80
9261
2045
6303
4216
6994
8616
7004
6113
2785
797
1383
612
5030
98
7249
4259
2127
5198
1948
4731
11
3402
5554
1471
4435
2538
2185
8803
8393
4205
7681
929
4461
4019
7102
6912
9309
805
2938
6706
926
2607
873
9933
5724
1461
1806
1998
3713
2764
3247
8397
9661
4266
5951
3191
3247
8912
5501
216
9671
7550
5238
4506
1383
6345
7794
5616
1781
911
971
7914
2511
5258
878
3388
4019
4950
5314
7939
5224
9037
4985
7690
5968
4930
3102
4735
381
8693
7398
3003
4038
6425
2498
8264
4346
1911
7393
1170
636
2267
6410
2447
1670
9696
1952
2599
2914
5528
409
465
7359
1188
750
8607
2515
9294
6486
325
7256
6854
6385
2456
7154
6160
4854
3781
4623
8007
6260
6960
5245
6918
5367
4743
3878
6885
2201
6812
9819
8
8493
8483
8104
4577
816
4952
9123
6233
5166
6720
4002
9250
6728
4238
2648
4123
6499
6577
9637
8582
8991
4587
2723
9027
650
7899
3058
7050
7018
8404
7780
7259
1130
6567
1943
7957
6939
8257
971
3177
8919
5154
2750
2658
4400
6467
7190
2188
4033
728
7080
5989
1848
4319
683
1228
5202
3138
4382
5768
7220
7797
9317
9716
2335
4216
5417
1774
8378
1797
9438
932
3628
3599
3257
1078
4454
5290
2230
1951
3933
3733
5300
4177
3895
8899
83
9412
5967
2711
9836
5089
4291
9625
4173
3300
3031
8413
6745
8771
3640
1023
3935
3678
4325
2817
7549
30
116
1581
1635
1384
3691
413
3362
2470
591
8977
1477
7873
6287
4849
4168
1507
8778
1474
7575
5981
7996
8729
3369
1937
4521
7581
1786
4941
5084
9641
1624
9698
2782
1635
6564
7388
9472
9151
4220
1785
9004
7210
5034
6037
7721
3150
990
4714
1557
7532
8184
6350
6548
7865
1975
2097
6900
6596
3269
6095
9746
1885
9275
319
14
6894
7762
6065
2696
9263
9643
430
5971
3410
1364
8153
7748
7001
2440
8530
9825
4828
9206
5572
5723
4685
8030
5515
3316
8033
3703
327
2132
6809
3059
9570
5009
4509
2488
5780
6802
1269
6164
4947
9479
6793
282
8303
3209
9035
1601
7295
3375
7536
762
7761
4025
89
6210
1636
703
830
5935
9130
6529
719
9950
9559
2469
2176
6777
6355
2433
9301
691
7922
4565
8758
388
7801
5967
1034
7446
5508
5019
3864
2783
2159
6093
124
8248
2420
4670
1093
903
2690
329
9451
8906
5300
8557
1735
5447
4165
7562
1188
5000
8194
7191
4352
9246
7405
3738
8934
5152
7686
9211
1025
7064
8987
3760
2952
2691
6571
4198
3078
1810
6449
8510
6331
3117
1198
7819
2289
1162
8169
3870
136
7291
8029
1556
7933
9623
3502
8959
2069
8425
5131
2735
8023
9841
9768
4286
5712
2651
5862
1273
1575
7904
4238
7110
7846
987
4296
4691
8408
4911
8114
8641
4609
2620
3765
1707
2780
2090
9613
7573
4714
6691
9756
6173
2877
8281
3397
7656
8392
5966
6920
2541
7634
2945
6508
2219
4698
6062
3422
6722
5211
2391
4744
9747
6644
4065
765
7679
5969
4249
6108
4781
8648
3730
9568
112
1305
3244
8770
7374
7612
1774
5045
9063
4636
9594
8286
1121
3183
364
5612
6572
6428
1792
7434
8238
7851
9614
2921
7444
5620
2095
4167
7538
3861
2246
2283
3699
7767
209
3756
6071
5260
5818
4064
3334
9778
5849
8573
3199
5666
4064
7930
9438
4093
5910
9091
8765
3851
6110
5394
278
5495
5900
9531
5106
8148
8305
531
38
6401
5393
128
4126
7096
1107
8211
734
6488
557
6791
5589
2405
4906
1811
5029
4896
8320
628
6031
2156
3657
6633
2788
9875
9819
3673
3171
7990
9617
5270
251
3216
4271
1171
8335
8306
3117
561
3500
1675
3627
8091
167
5634
3403
8055
3390
9735
9637
7889
2236
9065
4437
9973
5782
7888
3366
4746
7598
3626
9443
2864
6475
9268
2634
1093
9928
5282
848
9798
8061
4979
2677
391
1622
9234
8842
8592
7914
5188
6255
9801
5293
4170
3058
8192
5950
7593
4511
2792
5953
6972
3842
6133
8280
5100
6883
7029
4725
2333
6112
3557
4941
4460
3291
8747
5286
1676
574
9903
1660
6094
3409
9986
9063
7045
1821
2878
475
7950
4155
4729
2366
8448
9798
3313
9075
2981
5849
9750
5797
7720
1323
5349
6712
7935
520
7231
2366
880
1110
7451
4567
5308
5972
7509
173
2622
7011
7845
4874
4711
9556
9931
2260
4044
9849
983
2226
3587
2856
2732
3027
7788
5509
1215
8531
7597
778
213
2789
1844
8752
3358
8172
7732
7761
2671
3181
8182
5360
9450
8518
1102
7559
9253
4613
7608
9181
158
2966
7828
395
1502
5669
1499
9856
1552
950
2949
6049
6971
765
3526
5705
6097
4382
1511
3879
9280
185
9600
6783
2532
724
3434
6267
3058
7798
7573
2892
4763
7940
508
3960
848
1303
8307
8373
1088
7400
677
9564
6242
3212
3246
960
8756
3315
2441
1003
958
6165
9710
5207
4837
1924
8347
183
2199
3982
1553
2045
9607
6809
4387
1155
6482
1463
8536
9079
7193
3965
4934
3220
3559
5589
1920
7658
322
2064
6104
205
8090
7207
1183
7252
8651
2249
7130
1709
6923
4505
5883
8323
2824
4134
6593
6793
8796
5243
5005
1915
3674
2224
8809
2294
7966
3307
8399
3080
274
3580
4230
9298
1486
3371
9425
1082
4591
9367
4771
3463
305
6410
7784
2722
4138
5985
6501
6945
1591
4323
8729
9834
317
727
8284
7157
3695
7322
6729
4176
8879
9077
6696
1389
4011
8676
1591
8378
7339
6392
8243
109
3843
7871
4042
5989
9187
4685
9636
5306
7634
3306
6394
3949
9997
3210
9466
9106
9612
6892
5676
2562
8635
4810
2502
9275
513
6260
4520
8629
6713
3791
5283
6825
194
5842
7572
1043
1762
9347
6212
9014
2367
7308
7709
8192
8387
182
472
9536
8319
1824
3839
1401
4058
6024
6883
9733
1557
629
3034
2798
1185
3451
3975
9892
1219
4125
5246
2879
5246
6125
4102
4201
4940
8533
3975
8539
2790
7764
4421
8476
4673
9737
8031
5395
2129
2131
3740
5229
2777
7750
2932
5141
3050
3590
5493
748
1082
6883
2017
8370
5162
6358
9622
6744
2139
9010
3940
5986
1493
4141
8162
3307
6040
1242
2001
6353
5768
1711
1031
1839
1715
1679
6982
3329
811
561
8665
2725
1511
8851
6308
9888
2489
5490
3244
2758
4398
4478
7690
9341
9604
6935
539
9495
9828
2781
7912
852
3278
2907
4643
9860
8192
3242
9300
9871
2124
7836
5091
701
8921
7303
3792
6661
170
3567
4199
2197
9947
3864
2020
3863
4883
7110
28
8857
6483
7390
5006
2896
4990
4740
7332
5881
3243
6859
4800
4519
8708
3974
3430
7660
8976
1803
6668
6854
3569
174
8428
608
7889
981
9143
4453
5303
9124
2517
5088
1335
8885
9938
6091
9054
9050
1945
7023
7836
6759
7610
7383
8155
9846
5826
6259
8824
8309
8172
7890
8851
443
683
7678
5735
3399
1074
4198
1376
9131
3642
5294
2935
1877
6959
9720
8661
4954
5477
7165
5995
812
8736
4116
5027
5431
4580
9394
5692
7385
1505
97
575
247
6795
3927
5867
2466
4169
1631
3869
6822
4467
8750
6066
7863
5025
9605
1516
3929
7415
4829
2446
8526
2686
236
3109
3195
3033
4251
3166
6264
319
5481
7198
3481
2767
8
8558
5249
426
8102
6276
6912
4344
1637
1738
6594
4745
1851
4986
4235
5242
6707
4092
828
8092
657
7453
6300
8803
5297
3821
2350
1543
342
5808
5935
4532
2009
240
3437
5772
4938
5351
3191
1855
2234
8188
6672
687
8706
9313
2306
558
4445
5015
1398
2045
3632
1248
1319
726
243
1124
3751
1847
7185
2672
6499
1373
2031
1490
7282
1952
1215
7404
6954
4510
7301
7298
402
9839
9416
8035
7149
3369
2320
8957
3993
5755
6228
7788
501
9208
4449
2427
738
118
2635
7177
1803
5831
7916
3950
728
2235
4993
8480
2756
3878
480
2003
8907
7531
589
698
4872
1242
824
3760
2386
5016
9971
7222
5911
8659
5640
4914
5244
7817
1478
5853
5024
6705
2429
6952
2659
212
6247
9225
9046
4784
6690
7532
6230
2655
3626
7525
9380
8202
3237
3282
4701
7242
680
5789
2600
6549
4966
1046
279
607
4547
6602
786
8036
9006
3075
861
843
1667
1555
4039
3039
7428
491
8955
1944
6942
3732
2139
4264
199
7596
7223
8554
6378
8258
7318
5564
2057
1710
2638
5182
4393
3524
9472
668
3785
6079
7406
340
6404
5251
1209
6233
9448
4416
9057
1973
6323
8444
753
519
6747
2762
4167
6442
5677
4951
9434
3973
2749
5198
9707
7961
4223
6194
8655
7148
9962
8774
5687
460
4039
9528
2620
6723
3841
8946
5945
202
4230
601
5023
112
5283
4127
599
3981
44
4614
2138
157
793
1738
1709
7902
4623
1614
5581
9193
4255
6428
3613
4221
3974
9792
2958
5026
9513
8627
647
2167
3086
548
7605
2125
2015
9774
8724
202
6539
809
6347
7957
2759
6002
3293
6419
9374
7459
937
1670
9358
2268
3707
2372
8134
7267
6139
730
8139
4816
276
4040
2754
7025
1106
1906
389
1677
8340
2009
9707
7306
1244
6750
7985
3586
4760
931
66
9073
2614
5454
100
8457
7794
7593
5609
4323
3129
1141
5093
7735
4637
6597
4082
1941
1873
7982
9598
662
8558
3271
8671
5426
2760
3348
6983
9647
6861
3917
2455
5101
8156
7326
8738
8655
2820
2068
2919
9007
8664
1641
7105
8460
3105
8217
6143
2111
9169
3273
2163
9658
6863
7106
3888
9867
1342
1801
4882
2586
6806
9290
3719
4774
7188
1908
1311
6624
5949
175
9058
5273
4445
3830
1160
8463
4161
367
1115
4615
7917
4013
9233
1774
9953
8937
1771
5411
5527
4008
4916
1468
1531
9012
2528
7012
8305
3788
2625
6353
7691
1386
9334
9243
5974
4816
5930
3772
1013
8956
5452
8554
8347
8174
7584
9298
4561
9648
1060
6859
2199
9237
623
6907
2170
1770
5765
3759
7013
6956
191
898
8483
394
2400
2763
9530
620
3892
414
2478
6597
9276
1993
308
1094
3298
9631
3740
4763
7053
3522
4232
6555
2315
9366
4199
832
4400
8874
8128
4421
2574
2215
1718
579
8163
9810
7547
721
8123
3407
5770
9142
8876
628
1867
6409
6573
3724
5209
9486
9179
2754
8995
4632
6459
5658
3036
1869
5506
5438
6578
8294
3014
3898
6054
7892
1560
2866
8865
7233
796
7545
6631
1556
3204
5249
3031
5740
2223
9349
6249
7168
2753
642
6908
5480
4056
2359
3144
5205
1277
3355
4795
4816
5881
2828
2016
6498
8774
3147
4734
537
1101
198
5048
717
4545
7830
3309
556
6534
4231
5399
975
1409
6490
9268
5561
3009
8433
3682
4370
2662
5375
1124
8767
5229
6872
1610
1139
344
5039
2342
2632
7519
1104
7293
1728
6355
6903
6983
6979
7169
331
130
1639
8474
3938
7711
9251
2097
2695
1896
7491
1527
8662
6400
4402
430
434
8504
2292
2531
4910
1443
3288
2133
6332
4566
9080
5776
2083
1155
9101
2083
7991
8733
7342
3261
6397
1872
5492
8424
1541
4566
5501
6422
4278
2612
5263
4922
5536
5452
7040
5578
2015
2752
9735
8763
2399
2707
6565
8057
6350
9974
486
3066
7571
5019
1262
7809
696
8174
9391
9634
447
9869
4252
2127
626
751
4189
3112
2354
199
1129
3907
6961
9938
8576
1567
5560
4837
4704
2004
2678
4756
5764
390
6694
5639
5991
699
8710
6809
1769
4857
7834
4691
3456
6462
8992
6063
2201
1970
7348
4896
2518
6351
1694
226
745
5888
2343
6659
9517
9903
7404
4503
9917
2079
1313
7063
885
4491
944
3019
1552
4096
96
2288
1614
9885
2036
8752
4423
9704
5608
1408
8769
6773
3934
4411
251
2727
6835
7273
6735
5901
5847
5998
7080
5361
303
3599
2594
8073
8029
7068
5040
7419
5827
4395
7767
697
7534
9994
9624
1794
6051
5373
9093
6275
2571
8093
4410
3873
2369
58
5242
4099
9370
637
762
6925
7550
5629
3792
8464
3667
5362
5943
2592
6981
521
1910
6760
6597
817
3121
4595
8724
4071
4414
2638
171
8639
6263
4342
8895
3817
147
7189
5248
7650
932
3265
9647
4086
8760
9098
9222
5569
1199
9852
308
8507
5874
9171
4043
9880
7485
4227
3410
5638
6322
2440
1679
8110
5315
1290
6337
7094
6170
7481
9558
4585
1451
6154
3736
2038
2979
1247
1794
2813
4970
9374
447
7040
7074
5539
1655
5790
4517
8279
7645
4753
899
2977
2341
4019
4714
2826
6281
3322
644
8961
740
6322
9678
1890
973
935
8507
1915
6080
964
7358
7958
5413
6763
6445
4199
7770
6717
1362
8055
8216
9661
337
6378
3966
2370
1427
8055
6993
7042
8928
157
1476
9204
2183
9330
1151
3395
1785
4878
1299
6067
1284
3155
8984
5482
1330
8039
843
4482
9967
9459
4660
931
9
6677
335
113
1337
4416
9951
7236
5763
3870
1756
7936
9473
9616
1415
4387
3557
7687
7678
9044
2500
7128
9710
3005
9907
9778
7742
9186
9116
7009
4643
4709
9088
5906
6282
5644
8347
6197
4426
7546
5368
7143
7616
8104
1569
6263
5573
1037
9630
5984
6977
6866
5697
9023
4175
9551
2717
9491
9191
392
9283
9666
357
7705
8209
1582
1171
6122
3165
905
5681
2025
6907
4411
1611
3054
1019
2197
665
8172
2175
6459
6753
2998
566
7075
6381
4304
9901
6200
455
6181
575
4022
6207
3523
9085
36
3882
4922
2405
5233
5971
6698
6107
8303
1052
621
4662
8743
5196
1486
1857
7608
1830
1061
1290
6559
296
5455
3968
7529
7071
5107
3498
5071
3347
7538
7498
635
7014
4318
1558
7818
3890
5643
5407
5148
1665
5233
3348
1550
7236
6937
2099
3381
1092
5107
2908
151
9604
1454
2508
258
7420
7095
5470
4333
9672
2123
8256
6352
7286
3054
438
8983
3880
4970
7600
5530
5335
1456
7234
6893
8410
938
2587
7225
2558
8938
7362
9373
9046
6858
5345
9451
5583
2990
4330
5058
6171
8262
853
3140
1465
7560
329
1453
1988
7081
4843
5879
1679
5561
1700
4403
3013
446
1746
6934
4788
6210
8000
8454
1868
2048
82
4306
3138
4640
7084
2126
8218
681
6081
2486
6414
1733
2607
1228
8108
5485
3309
1377
45
116
927
8024
3021
174
1114
7788
9735
9077
4334
4016
1536
4940
1554
6750
1802
3122
2496
6420
1069
2022
2286
4863
2024
9844
7980
7332
8668
5714
2642
8891
9514
1294
2092
7131
5054
8129
7608
7531
4093
8698
8350
2941
7968
8093
1774
9928
3943
8010
7317
4930
4547
5786
6230
2187
6147
8021
2462
6983
1605
3574
1056
1216
3574
2924
7238
9539
6404
6674
9790
3367
2010
9470
1654
1889
8543
8884
8533
8423
1283
2693
7960
7968
5091
7245
1004
82
4016
3034
2950
4873
2300
8477
4208
1846
5949
109
493
3612
7761
8254
2579
8628
543
9935
3083
4987
3117
9314
2904
8297
5190
9657
5288
7376
1179
8949
2736
9166
6501
4961
7380
4212
4966
3603
749
5819
7373
6410
1381
4908
5512
7155
4886
4146
2819
2673
1902
7358
643
5154
7497
7868
7773
1321
4290
8682
5083
9956
666
9309
3346
3445
312
1888
250
4245
9548
4242
3590
2697
841
851
7064
7507
2552
854
1267
5537
8305
1046
2985
544
6273
1459
4052
830
2692
62
8524
734
772
7642
7406
3632
9928
2211
6194
5140
435
3808
8458
9046
2312
8936
9408
5225
7351
2861
4883
7207
7916
467
3992
7181
8270
1733
3344
485
2866
8367
8330
8624
6422
5309
3291
9377
975
4782
5411
9647
8192
7414
387
6226
774
7630
214
3038
7633
750
6577
7756
6250
6579
4182
2643
9160
6651
658
9638
4774
7260
214
5811
6268
5384
6502
1395
8591
9363
2971
9496
4815
5527
7602
6498
5795
6634
2150
8379
5542
4255
2964
349
2937
9501
9675
2271
8868
4948
9961
5468
6441
8178
8332
9434
6550
6857
1722
71
1264
7529
4729
8476
3955
7051
3010
6141
3600
4595
756
6510
5864
8857
7402
2725
5911
5679
9843
8039
5432
6801
3777
6890
152
8159
4043
2625
1156
2957
2617
6321
5174
3911
3212
3018
9434
9953
7388
7820
9977
7183
857
2776
4121
2308
729
5564
4847
9247
5029
501
7534
6692
926
8753
983
2070
2008
345
5024
7127
1349
2437
9241
5814
4437
6717
8555
814
3245
9911
5891
25
2282
2754
3630
2923
5244
4372
1401
6369
2980
7180
8579
380
9582
8611
2580
620
8101
2410
608
4911
3284
9895
4737
4575
4965
6502
5805
448
4861
8341
1325
5677
974
1533
1533
224
2062
1138
2420
2368
4343
9021
1910
7292
6221
8482
9588
1601
1775
8907
7149
9201
3506
8237
820
1913
6804
6713
1666
4009
3225
3232
9051
1265
707
9954
4044
5434
6773
9329
876
726
9937
1278
9602
946
1615
780
7921
5228
8452
925
149
2235
7718
2173
2242
5382
38
5667
9283
5317
9279
8785
6646
991
6304
8799
3455
501
2394
4096
2156
6928
2000
4885
371
8265
3290
5545
9751
5183
8544
9212
1487
8436
3091
1261
9764
7592
6175
8363
8828
7036
8832
1075
4740
5092
7423
4035
616
9851
9053
5270
3045
7584
4366
4411
6438
7560
2715
1926
9430
5900
3880
9990
710
2544
8590
3727
1941
4218
1934
4922
8934
8314
6258
6259
4581
7874
2794
7538
2125
9654
9137
4473
9459
4388
2476
524
1053
9853
4269
6190
3915
2367
9426
4250
5043
7299
6971
7740
7728
4976
9740
363
3920
3825
2065
2630
6957
2238
6117
7956
5732
2170
4988
9840
9975
9352
8195
2785
2273
6660
4371
930
7660
4195
863
2671
7435
8501
9460
5564
5721
4277
2466
4550
1898
5633
7223
6012
7117
6283
2890
2205
5420
7762
5478
5289
5670
2959
6258
5607
3510
684
3865
9746
9868
4128
6628
3697
7839
1823
6517
7358
2234
8893
8616
997
2133
7325
5420
2143
6653
2560
2579
9484
9085
7468
2242
4098
7723
7019
5756
4573
2110
4316
2950
9910
145
2764
5182
9184
7486
6870
2924
3395
9068
193
1353
3736
7150
3723
5044
5811
1562
6115
4336
3299
3810
624
6947
1777
5006
4137
5328
6438
5190
3157
7277
2089
2841
2969
8826
6377
3228
6673
30
2258
3292
1246
4808
7272
933
711
8538
88
7263
9942
8072
5401
8980
892
7136
3193
6253
5036
3404
1578
1936
3656
2860
7484
8223
8428
143
5924
2800
9734
3843
8966
3539
3815
560
6706
3951
8047
7312
9715
1382
4982
5395
5667
7505
2110
4694
2200
1731
7741
1131
5426
3728
4191
3791
5768
8091
7126
2336
5098
643
9025
3498
4409
415
7555
5073
9352
5365
7550
2938
8261
5575
1759
4824
2884
5452
6765
9721
2877
488
459
5040
5473
1731
7116
1372
7762
5110
4230
9027
2366
3067
6205
9751
9947
2912
9103
8880
3928
5218
7927
1814
3105
3039
762
45
1393
7125
3722
4943
2196
5590
5727
6637
1488
7575
7395
4974
5258
1283
969
4286
5577
8218
7028
7530
7004
2092
4448
1479
5928
7977
6067
2954
1582
2962
1854
7182
2898
7480
4407
3949
3271
6461
2518
3313
9715
2070
8546
9118
4501
4886
8175
6846
3600
5895
8737
7998
6571
6545
2201
6380
1644
3985
2312
2919
5985
3767
4518
8781
6782
6889
3493
5714
2144
8184
4852
6685
8727
2757
6182
2735
7882
7113
7911
9830
4728
5832
7133
7828
4198
4098
2816
5549
7859
7001
4844
8103
2386
201
9217
3143
8692
5824
4875
1953
5649
3166
3624
8588
4485
4259
9420
1530
9305
1862
826
3579
128
2161
7717
6938
2317
4734
283
4005
5952
2818
8573
3096
1968
2874
2259
7197
5034
5573
572
5997
7049
5526
9187
2918
6560
1128
1993
1471
6683
1557
3691
2957
5633
595
8602
2909
130
3997
6602
6450
9588
232
4709
4811
9353
7413
7014
3146
7323
9441
5985
5016
2764
7911
4983
1446
5149
2983
4890
5372
5506
7200
3750
8297
9090
128
1731
9126
8175
6027
2419
7746
3646
3153
2748
3770
7115
3471
8647
8654
2946
996
176
3259
9450
2546
7253
9667
254
5827
9777
8504
560
4958
3740
812
1870
5942
6877
3278
9450
753
5171
2760
9907
837
488
4824
8355
3852
461
7134
2111
2285
3011
3889
2754
7376
5229
4027
9066
7228
6041
3070
8214
3812
5821
8460
109
7346
2947
3297
5706
7044
6056
9038
6066
1328
9117
7116
3886
9820
1642
2075
8042
5439
9470
8161
3758
9606
6899
9682
5514
841
180
693
6345
3985
6751
5806
8026
8995
8887
3617
1891
6856
9208
7778
9411
2024
5257
7726
74
1792
8230
975
8113
2091
6587
3715
1835
1677
6828
6485
3266
3724
5162
3198
5837
9028
884
7982
4143
8228
9756
3095
5765
5331
7085
7625
1743
7630
4403
9801
1852
3022
1233
2235
8728
5162
4386
4946
5210
5707
63
2892
1404
406
9473
7231
6062
9761
1259
5485
71
942
7202
8002
4080
5059
9649
9429
3640
8393
2896
6470
1651
6606
5871
2731
9049
54
7363
1981
9506
383
3922
2794
962
5492
8783
4008
3009
286
8503
2574
3285
3569
1367
355
8677
8386
276
1675
8956
5217
6561
7146
4013
728
641
3601
6392
7124
9963
6433
4503
3137
8451
7670
967
7779
2546
3395
1886
5856
2079
7001
9817
3608
4043
4467
9652
6540
189
4270
3412
7152
4708
9612
7182
8790
92
6707
6727
3576
9440
2644
9951
6871
2688
6409
1100
6075
6907
9465
9222
3332
340
4936
8828
2580
8568
7783
5852
4140
140
3015
9166
2607
5022
6081
7228
970
9006
7745
5838
6122
9541
9381
9613
6213
9080
6719
8107
8606
3622
9880
2604
884
852
8283
8184
6964
8822
7330
279
5272
4341
8187
5083
6082
8013
2380
9651
9574
9796
6844
5589
9894
6329
1204
3279
1971
9974
4778
919
467
511
4070
7812
9215
9029
1392
3434
3210
6532
9364
7071
7612
2662
9627
4037
223
270
8514
2496
5321
6540
3227
1347
8634
7984
2932
8066
6724
9169
4889
7422
981
3198
5255
4116
450
6439
6467
8357
157
2444
6232
3393
4886
328
6450
3260
2883
410
1279
1139
2156
9081
5220
6103
8544
5174
8546
4555
9105
6539
6299
6790
8543
1558
4430
6954
4862
6427
9459
2077
2876
5289
8008
8146
5345
3284
4836
2816
5772
1204
8244
7743
8763
8516
2218
2078
4421
9570
8431
7455
300
2475
5848
7123
4352
77
6095
3526
8953
8338
9343
5088
3473
7210
1340
5601
1173
6834
3617
770
3938
7051
8042
295
8104
2735
3079
602
5273
5085
1555
9004
5563
8056
7204
3399
3621
6046
3294
1024
4018
5371
19
8172
82
3314
6236
5840
6013
1008
7934
8576
3159
4443
1955
489
8899
3868
9078
8410
2738
7262
7082
2170
4222
6553
1769
9154
5122
3824
2307
7263
5494
9457
4018
5492
4407
4005
5826
1201
6068
9707
7537
8491
2356
7798
8192
3343
6219
1598
9612
5375
8968
66
9327
3406
6850
730
9311
2713
3518
5322
330
4472
7038
1870
7764
8476
1195
1968
4628
4221
6159
6092
5237
9548
1819
7212
2168
5097
8189
5730
377
8143
1569
1391
3727
4713
3008
1976
4464
247
2109
2349
7550
9132
6971
3491
1805
2302
924
2992
5546
1633
942
5906
5312
6123
8034
3709
7364
9172
6561
2530
9541
5721
9520
727
6662
4179
8249
6258
7694
788
974
6238
6952
7146
6288
6083
8911
3673
7092
1958
8547
884
4757
6029
6759
5072
8005
9024
3784
1479
792
3995
8497
7294
4628
9713
7374
6887
2265
1966
7950
4409
840
2498
4281
7644
1113
3728
839
702
5145
7916
2810
9536
8215
3074
1246
2800
8076
1300
9075
9553
2764
894
3764
2497
7635
4341
7399
9572
4136
326
9227
1774
2848
1680
3146
2117
3057
5812
7690
5649
9659
4900
5800
932
1321
7698
1726
7223
9092
5871
4654
4213
1920
9811
6117
1835
7709
2142
3684
4562
8223
3480
6705
2687
4555
1583
1291
106
359
9642
4362
7123
7413
1266
2668
4247
5435
9541
2016
7577
6059
5085
5510
8191
7863
9726
1395
1129
8235
2091
2372
6450
5074
5194
1560
9685
2911
3604
9407
3879
9000
920
3265
4125
6058
5824
7310
5060
4931
2553
786
1217
4642
599
2916
7295
724
7341
7442
2958
6992
6341
8378
154
3974
8653
9021
6952
1890
6678
4790
748
6192
6498
6781
549
5511
6197
3243
5059
4524
7851
9089
1918
6412
6301
2413
6974
6894
6684
3302
7371
2644
3585
6697
5360
2677
6896
6682
6365
1836
2270
9619
8550
680
4449
3345
2632
9182
5528
2412
8006
9460
7984
5483
9415
7255
6308
9940
2975
5697
4308
8221
4347
1432
8499
6843
280
6622
2993
2888
449
4485
4288
6747
1932
4896
7467
1165
5252
4766
5660
5966
9100
1387
8715
2591
7796
2888
2566
2750
4247
3517
7174
3915
270
8030
4899
8520
3366
4321
7034
8036
7208
5523
8483
2199
7616
1293
8344
3986
8023
7461
7035
312
2675
5486
4879
1766
939
6011
1200
8959
1529
8347
6131
9865
5071
6096
1302
8838
3265
1150
3946
8559
7120
7556
6759
8340
9906
1586
6117
9757
8150
6486
5107
1448
6966
6462
5839
3440
6237
7408
560
8723
8174
5485
3670
6573
6057
5641
716
9186
9396
895
1276
6461
5168
7974
5709
2180
7839
8596
8525
3989
7247
8200
2414
3009
7793
7883
8193
3412
4877
6025
7506
8300
1404
7301
7259
8164
1317
4274
744
2054
9677
5202
398
3639
3456
383
7990
5920
979
1515
9325
5441
3919
8851
826
7847
3473
3031
6995
9078
4626
906
3812
4643
6310
1565
1721
9285
4564
8942
6325
9104
9963
210
6686
1249
8860
7249
9434
9479
2121
3253
4565
5497
9221
1844
5279
7550
746
4861
8466
9495
2280
5271
798
6060
8196
6443
2932
279
1146
6852
1223
2359
7462
3230
3605
1191
8104
5066
643
6841
1800
6477
3719
8288
6299
7724
282
1772
7249
5390
9644
1660
9198
7707
9342
234
6086
5131
3228
2453
739
9483
555
296
8463
3959
4182
561
7356
1780
8491
703
3376
9630
5547
3930
9237
344
1064
6065
2851
2103
6859
5943
6993
754
2876
9382
3494
8733
2887
4252
7531
7877
6819
8653
3264
5741
5903
6121
6595
1997
8964
9883
7339
7408
4630
9397
6092
6746
9656
4785
5442
4794
6976
3491
7896
7675
2572
5379
5675
1373
1153
7002
2360
4753
3810
8800
6936
847
1908
1182
1164
9716
5715
1358
1938
7032
1048
1458
4797
1144
2392
6161
1914
510
2708
8035
8440
5047
3448
4669
1994
4124
2334
1547
2322
2065
4012
7074
9939
6318
7184
3569
165
6236
2552
6622
8288
6330
6497
4568
4840
1035
8143
3511
7775
6834
6467
7081
7821
872
8417
4725
3184
8516
6180
1315
5510
2233
220
9098
6165
5407
3730
7071
7310
7110
2720
4783
1301
3942
9370
6150
1306
7918
653
9653
949
4294
430
3259
1665
6419
5904
6066
5878
8347
8031
9427
4811
5894
3240
6642
3417
2743
6475
8170
4432
8008
2627
1059
9829
2904
6281
4682
5194
7560
7863
8011
5207
9754
4062
8217
8376
7837
5415
4797
8303
6325
6966
2245
2573
3816
2794
476
9804
1932
8158
4655
3202
3304
3435
2498
3152
3716
1969
9402
8194
5348
6410
594
2034
5271
3122
3014
2489
7749
7688
4886
7472
6366
560
9036
3335
1170
9757
1088
5173
54
7632
82
7431
392
5510
8613
3499
6092
9399
6507
637
4885
9455
1601
5289
7365
7190
8385
9511
2956
4443
5719
1224
7613
246
747
2676
2226
6863
7987
3689
1419
7627
1657
5661
6742
8086
3408
7579
4880
1906
9040
2245
4322
7013
8461
570
4407
769
1010
3599
7947
8962
5716
4918
3541
682
5405
3047
68
731
6872
965
4552
1200
4520
9084
4263
2856
8136
4659
997
775
3861
9810
2758
7532
4768
1104
3916
6068
5977
9323
5525
3128
6472
2982
5949
2890
5776
5222
7804
3946
1202
2336
5785
295
1037
832
4311
9112
5461
5220
9186
144
8045
6588
158
5140
8052
3592
8986
956
7848
3660
1153
601
6637
7201
375
826
9992
6724
1066
1630
4229
2513
7145
9820
7504
6856
7858
663
105
4078
4980
1561
7628
5446
7889
3897
7868
5838
5707
672
580
6263
2833
4287
8982
8840
1635
7550
7032
5877
2568
8062
7029
9548
858
9612
4850
5586
3201
9603
388
3514
2704
4796
29
1148
1197
8279
2392
9577
4953
2616
8123
2610
9457
3134
868
3787
2380
1160
4148
6500
5299
9878
2803
9110
1811
888
4099
6016
1434
7638
7843
936
5295
6228
7718
9482
5411
115
3744
6181
8337
4914
3390
7523
1519
1118
6825
7338
3360
4997
8074
2976
4112
7230
9765
2045
9799
7421
561
9809
5780
1086
7725
1226
7830
5553
1918
9269
5724
2810
6578
4375
6451
4879
7884
9979
804
800
8276
5688
5620
1359
