844
878
526
90
499
789
522
744
316
307
523
811
357
439
456
400
247
408
287
250
710
749
542
908
991
817
536
511
282
548
132
218
854
289
821
414
839
38
286
695
603
599
343
219
33
539
159
722
152
349
173
693
360
312
745
522
374
676
663
747
876
294
189
248
298
586
751
685
518
77
724
264
866
376
918
798
586
123
462
926
256
636
261
705
930
323
885
113
318
628
599
362
380
296
284
89
963
630
208
122
637
504
562
497
835
237
302
419
319
794
154
256
366
901
297
695
412
29
32
336
460
794
493
472
244
235
320
346
56
896
896
194
774
87
773
22
529
655
325
154
414
331
559
748
441
724
145
876
148
77
421
640
992
223
95
901
209
415
558
769
735
866
395
815
613
881
543
59
329
346
545
253
820
588
669
281
694
480
146
337
326
913
497
564
949
555
659
351
390
18
668
223
410
755
192
551
865
647
669
858
714
327
591
241
552
485
97
349
219
810
298
66
868
844
50
429
189
918
781
337
138
86
562
511
108
904
854
852
428
966
824
955
430
997
974
378
312
802
334
892
15
799
187
771
442
835
187
542
890
477
624
488
442
461
95
656
202
586
625
304
697
712
708
858
933
594
330
784
268
6
707
622
324
685
996
635
612
13
731
636
145
524
660
863
66
215
235
521
863
127
321
155
156
86
447
22
124
138
826
162
897
331
25
940
997
396
501
998
62
231
500
990
478
529
709
280
118
791
539
859
319
69
912
807
965
521
516
884
898
106
716
241
618
730
457
948
315
645
913
197
530
584
843
814
852
135
106
747
536
489
171
804
583
589
629
959
323
848
41
3
89
988
718
879
823
532
443
159
282
151
731
944
909
151
216
428
730
650
510
834
380
725
557
420
175
861
440
737
793
894
248
225
506
927
818
475
502
394
822
805
298
110
441
14
713
835
194
14
949
182
523
246
488
44
484
748
759
368
558
19
149
493
454
360
373
49
339
400
177
292
180
564
827
266
957
868
268
483
186
285
898
295
110
196
902
323
651
736
139
313
538
889
345
372
726
108
575
463
831
94
736
645
392
509
435
782
720
322
626
54
620
575
825
710
699
462
252
584
257
819
809
665
989
737
226
703
962
707
302
411
117
874
212
875
630
407
865
538
446
170
133
943
103
182
21
386
187
27
351
451
321
808
404
61
75
638
696
271
645
716
789
879
587
804
667
142
71
561
327
438
798
945
28
82
614
77
512
533
78
137
272
333
38
6
982
891
811
617
485
311
884
508
451
552
54
903
902
68
742
876
66
643
838
117
139
998
995
583
967
394
975
708
989
123
152
342
800
382
963
530
925
496
947
622
955
232
863
231
161
209
615
714
341
448
575
255
738
442
562
44
120
427
746
114
869
480
365
307
177
133
558
215
638
62
550
426
597
132
312
742
192
386
454
568
525
764
391
326
82
493
915
993
638
650
608
129
38
181
351
332
303
836
832
139
902
642
635
286
272
816
977
628
174
290
881
242
609
88
758
298
75
82
724
443
967
527
351
206
40
365
622
971
166
718
554
918
254
522
872
232
53
272
694
663
588
737
515
546
832
393
239
534
70
340
671
976
210
349
310
425
908
851
192
813
486
419
22
545
904
606
534
574
380
89
140
782
787
689
2
801
998
944
608
245
535
861
560
563
808
411
42
619
860
726
208
477
95
768
909
549
680
206
520
545
128
587
462
88
806
118
410
577
479
724
148
6
99
257
996
988
844
653
629
377
217
65
71
926
232
996
889
991
325
608
36
331
436
935
715
81
295
348
991
60
496
899
935
31
318
63
64
591
289
443
554
145
802
204
589
559
781
555
993
805
768
118
843
749
393
231
578
470
417
63
977
709
93
251
550
254
564
67
767
754
430
63
587
265
498
520
276
617
424
224
167
717
640
879
900
536
82
677
631
53
158
973
159
921
71
895
212
9
925
113
851
442
695
224
548
95
182
109
271
397
947
817
973
194
712
86
975
5
342
597
453
902
713
988
253
299
209
242
371
87
625
509
128
185
923
563
117
463
447
498
561
755
138
782
506
696
894
767
950
367
433
259
150
489
168
182
481
354
12
967
673
948
605
884
738
946
47
852
611
984
273
9
646
3
224
794
466
834
851
977
396
648
10
130
137
364
128
847
322
361
458
817
425
662
644
215
781
358
47
663
844
498
440
562
993
67
971
90
438
954
53
29
523
302
421
327
635
369
612
513
933
258
994
680
444
52
907
756
462
915
643
18
78
981
398
693
727
917
143
427
587
621
590
81
700
970
